(0,0,0) 1.0
(1,0,0) -1.0
(2,0,1) 0
(2,0,2) 0
(2,0,3) 0
(2,0,4) 0
(2,0,5) 0
(2,0,6) 0
(2,0,7) 0
(2,0,8) 0
(2,0,9) 0
(2,0,10) 0
(2,1,1) -0.5940761867088613
(2,1,2) -0.05402016666666666
(2,1,3) 0.07058528963414637
(2,1,4) -0.07564691666666669
(2,1,5) 0.0412679383116883
(2,1,6) -0.05992744565217391
(2,1,7) 0.013455934343434357
(2,1,8) -0.0436092881944444
(2,1,9) -0.28794871987951803
(2,1,10) -0.39533754208754296
(3,0,1) 0
(3,0,2) 0
(3,0,3) 0
(3,0,4) 0
(3,0,5) 0
(3,0,6) 0
(3,0,7) 0
(3,0,8) 0
(3,0,9) 0
(3,0,10) 0
(3,1,1) -0.48971102941176536
(3,1,2) -0.07238316993464051
(3,1,3) -0.199184335443038
(3,1,4) -0.08950314465408811
(3,1,5) -0.06995047169811316
(3,1,6) -0.023764009831460712
(3,1,7) -0.15273845198675498
(3,1,8) -0.34948381294964054
(3,1,9) -0.296052884615385
(3,1,10) -0.3596587783171529
(4,0,1) -0.6552549841772158
(4,0,2) -0.36925594893292685
(4,0,3) -0.2137711194620253
(4,0,4) -0.16560411386986312
(4,0,5) -0.283822341609589
(4,0,6) -0.34639367387820524
(4,0,7) -0.34328386402027034
(4,0,8) -0.4679727941176472
(4,0,9) -0.5652975000000003
(4,0,10) -0.5004503969051456
(4,1,1) -0.8804878048780491
(4,1,2) -0.7338323353293428
(4,1,3) -0.6767973856209163
(4,1,4) -0.8312500000000013
(4,1,5) -0.7956250000000017
(4,1,6) -0.820186335403728
(4,1,7) -0.8621387283236994
(4,1,8) -0.8199999999999996
(4,1,9) -0.8338888888888889
(4,1,10) -0.8585714285714264
(5,0,1) -0.5870026766304358
(5,0,2) -0.25778762254901966
(5,0,3) -0.22934175263935824
(5,0,4) -0.2734717895833336
(5,0,5) -0.32257378875969
(5,0,6) -0.4474599338942312
(5,0,7) -0.26600065607734846
(5,0,8) -0.43318515625000037
(5,0,9) -0.5540804615066234
(5,0,10) -0.520594989109846
(5,1,1) -0.8796296296296285
(5,1,2) -0.46395348837209377
(5,1,3) -0.6045454545454557
(5,1,4) -0.4086592178770956
(5,1,5) -0.6045454545454557
(5,1,6) -0.7944444444444454
(5,1,7) -0.7307692307692318
(5,1,8) -0.7410994764397911
(5,1,9) -0.7889830508474583
(5,1,10) -0.7729985443959194
(6,0,1) -0.6442927423199164
(6,0,2) -0.26173476731601764
(6,0,3) -0.2595046862399197
(6,0,4) -0.24228796106557415
(6,0,5) -0.278745856082376
(6,0,6) -0.3777038340336143
(6,0,7) -0.2940612991266381
(6,0,8) -0.46039641255605473
(6,0,9) -0.44124815613026924
(6,0,10) -0.49820793565594884
(6,1,1) -0.866483516483516
(6,1,2) -0.4388324873096454
(6,1,3) -0.36693121693121744
(6,1,4) -0.29230769230769255
(6,1,5) -0.39251497005988073
(6,1,6) -0.6521621621621635
(6,1,7) -0.58225806451613
(6,1,8) -0.5754807692307704
(6,1,9) -0.657692307692309
(6,1,10) -0.7078947368420994
(7,0,1) -0.6538814552238821
(7,0,2) -0.2741149677246099
(7,0,3) -0.07972939996301774
(7,0,4) -0.27538784722222276
(7,0,5) -0.17919478561046556
(7,0,6) -0.26626680194805236
(7,0,7) -0.26847918149834493
(7,0,8) -0.3251948588395646
(7,0,9) -0.4455771428571439
(7,0,10) -0.48736708765071574
(7,1,1) -0.6072164948453621
(7,1,2) -0.22569060773480668
(7,1,3) -0.21416184971098265
(7,1,4) -0.16964285714285715
(7,1,5) -0.35993788819875816
(7,1,6) -0.06551724137931034
(7,1,7) -0.38886010362694357
(7,1,8) -0.45478723404255395
(7,1,9) -0.47500000000000087
(7,1,10) -0.5230617608409949
(8,0,1) -0.5698635581264121
(8,0,2) -0.17809424847898278
(8,0,3) -0.10988561347926287
(8,0,4) -0.09014530162412997
(8,0,5) -0.13709244402985094
(8,0,6) -0.07356791968599039
(8,0,7) -0.03374221875
(8,0,8) -0.31129514925373214
(8,0,9) -0.3549681907158845
(8,0,10) -0.4236976899696055
(8,1,1) -0.47500000000000087
(8,1,2) -0.07801932367149757
(8,1,3) 0.13279569892473111
(8,1,4) 0.028540772532188844
(8,1,5) -0.04691358024691358
(8,1,6) 0.11439790575916226
(8,1,7) 0.2500000000000002
(8,1,8) -0.2582949308755763
(8,1,9) -0.4011111111111117
(8,1,10) -0.40161676646706324
(9,0,1) -0.42644884259259336
(9,0,2) -0.0782073168103448
(9,0,3) -0.016405757812499984
(9,0,4) -0.0495678879310345
(9,0,5) -0.003277582139328063
(9,0,6) 0.00619916829745597
(9,0,7) 0.03841586636178863
(9,0,8) -0.0780171039603961
(9,0,9) -0.224536939252337
(9,0,10) -0.30220893734903304
(9,1,1) -0.22931034482758633
(9,1,2) 0.3024663677130049
(9,1,3) 0.24663461538461556
(9,1,4) 0.24739583333333348
(9,1,5) 0.23265306122448992
(9,1,6) 0.5288659793814443
(9,1,7) 0.5734234234234247
(9,1,8) 0.5514634146341474
(9,1,9) -0.13571428571428565
(9,1,10) -0.12806372549019632
(10,0,1) -0.331726730285236
(10,0,2) 0.05151644088669946
(10,0,3) 0.05835855211598745
(10,0,4) 0.051311033464566884
(10,0,5) 0.1051615296803655
(10,0,6) 0.07122697315705136
(10,0,7) 0.07886245250759893
(10,0,8) 0.027558317809239938
(10,0,9) -0.060509090030911955
(10,0,10) -0.2325731090127881
(10,1,1) -0.01775700934579439
(10,1,2) 0.48278688524590263
(10,1,3) 0.4560000000000008
(10,1,4) 0.5700000000000012
(10,1,5) 0.4773631840796029
(10,1,6) 0.4885714285714295
(10,1,7) 0.6195652173913048
(10,1,8) 0.6848837209302326
(10,1,9) 0.6209956709956713
(10,1,10) 0.12268571428571452
(11,0,1) -0.2734975149601078
(11,0,2) 0.18490324999999946
(11,0,3) 0.2214570827725433
(11,0,4) 0.19282843791722268
(11,0,5) 0.22250300895225442
(11,0,6) 0.17785458225388626
(11,0,7) 0.20888915612516598
(11,0,8) 0.11972325862068983
(11,0,9) 0.04305487702156326
(11,0,10) -0.06008429262935427
(11,1,1) 0
(11,1,2) 0
(11,1,3) 0
(11,1,4) 0
(11,1,5) 0
(11,1,6) 0
(11,1,7) 0
(11,1,8) 0
(11,1,9) 0
(11,1,10) 0
(12,0,1) -0.600885326086962
(12,0,2) -0.3580961666666643
(12,0,3) -0.2865694346910094
(12,0,4) -0.3002089435146418
(12,0,5) -0.3195852387357066
(12,0,6) -0.3151152642559083
(12,0,7) -0.30266454664057146
(12,0,8) -0.37664134877383965
(12,0,9) -0.42991517253044675
(12,0,10) -0.4973570901354604
(12,1,1) 0
(12,1,2) 0
(12,1,3) 0
(12,1,4) 0
(12,1,5) 0
(12,1,6) 0
(12,1,7) 0
(12,1,8) 0
(12,1,9) 0
(12,1,10) 0
(13,0,1) -0.6445049180327965
(13,0,2) -0.40282866379310145
(13,0,3) -0.3771965124077782
(13,0,4) -0.35774248633879496
(13,0,5) -0.3598360927152294
(13,0,6) -0.38362207357859385
(13,0,7) -0.3707510431154351
(13,0,8) -0.4253012253233491
(13,0,9) -0.471226027397262
(13,0,10) -0.5338248224551855
(13,1,1) 0
(13,1,2) 0
(13,1,3) 0
(13,1,4) 0
(13,1,5) 0
(13,1,6) 0
(13,1,7) 0
(13,1,8) 0
(13,1,9) 0
(13,1,10) 0
(14,0,1) -0.9223108952116826
(14,0,2) -0.6390677397719764
(14,0,3) -0.6113987895090887
(14,0,4) -0.7973684210526497
(14,0,5) -0.7968354430379936
(14,0,6) -0.8161971830986103
(14,0,7) -0.817532467532487
(14,0,8) -0.8376975945017384
(14,0,9) -0.8366047745358299
(14,0,10) -0.8375906394198234
(14,1,1) 0
(14,1,2) 0
(14,1,3) 0
(14,1,4) 0
(14,1,5) 0
(14,1,6) 0
(14,1,7) 0
(14,1,8) 0
(14,1,9) 0
(14,1,10) 0
(15,0,1) -0.8838900487126179
(15,0,2) -0.5406879777623409
(15,0,3) -0.49476327116212643
(15,0,4) -0.4621273712737154
(15,0,5) -0.653644314868815
(15,0,6) -0.7229137199434372
(15,0,7) -0.7240028490028632
(15,0,8) -0.7372840359364355
(15,0,9) -0.7581346423562573
(15,0,10) -0.768200728029054
(15,1,1) 0
(15,1,2) 0
(15,1,3) 0
(15,1,4) 0
(15,1,5) 0
(15,1,6) 0
(15,1,7) 0
(15,1,8) 0
(15,1,9) 0
(15,1,10) 0
(16,0,1) -0.8158151765589956
(16,0,2) -0.45221904080171904
(16,0,3) -0.3490963855421659
(16,0,4) -0.3715555555555525
(16,0,5) -0.3018626734842928
(16,0,6) -0.5815389924085657
(16,0,7) -0.5726950354609999
(16,0,8) -0.6326552462526864
(16,0,9) -0.6092619926199342
(16,0,10) -0.6697804208599745
(16,1,1) 0
(16,1,2) 0
(16,1,3) 0
(16,1,4) 0
(16,1,5) 0
(16,1,6) 0
(16,1,7) 0
(16,1,8) 0
(16,1,9) 0
(16,1,10) 0
(17,0,1) -0.7359567901234698
(17,0,2) -0.26713810316139597
(17,0,3) -0.20813771517996763
(17,0,4) -0.19489139179404577
(17,0,5) -0.15869899923017655
(17,0,6) -0.14968798751950038
(17,0,7) -0.40015151515151254
(17,0,8) -0.4683098591549307
(17,0,9) -0.5178488820354691
(17,0,10) -0.5562271062270886
(17,1,1) 0
(17,1,2) 0
(17,1,3) 0
(17,1,4) 0
(17,1,5) 0
(17,1,6) 0
(17,1,7) 0
(17,1,8) 0
(17,1,9) 0
(17,1,10) 0
(18,0,1) -0.5128455284552857
(18,0,2) -0.0041268462206776714
(18,0,3) -0.0015754560530679934
(18,0,4) -0.004871794871794872
(18,0,5) 0.09540084388185673
(18,0,6) 0.1666666666666661
(18,0,7) 0.3049874266554882
(18,0,8) -0.2792202227934858
(18,0,9) -0.28044575273338757
(18,0,10) -0.3295268997278724
(18,1,1) 0
(18,1,2) 0
(18,1,3) 0
(18,1,4) 0
(18,1,5) 0
(18,1,6) 0
(18,1,7) 0
(18,1,8) 0
(18,1,9) 0
(18,1,10) 0
(19,0,1) -0.23811795316565354
(19,0,2) 0.1916888888888882
(19,0,3) 0.27287234042553027
(19,0,4) 0.3183074265975798
(19,0,5) 0.3138986013985992
(19,0,6) 0.3497299729972972
(19,0,7) 0.5073863636363607
(19,0,8) 0.45946065428823707
(19,0,9) -0.07923336141533291
(19,0,10) -0.1038239858124576
(19,1,1) 0
(19,1,2) 0
(19,1,3) 0
(19,1,4) 0
(19,1,5) 0
(19,1,6) 0
(19,1,7) 0
(19,1,8) 0
(19,1,9) 0
(19,1,10) 0
(20,0,1) 0.0016407599309153711
(20,0,2) 0.4944380403458284
(20,0,3) 0.5209677419354919
(20,0,4) 0.49767171129220733
(20,0,5) 0.5418934911242693
(20,0,6) 0.5838260375213304
(20,0,7) 0.6850597609561917
(20,0,8) 0.6792242934455954
(20,0,9) 0.6110691458454511
(20,0,10) 0.08412343470482979
(20,1,1) 0
(20,1,2) 0
(20,1,3) 0
(20,1,4) 0
(20,1,5) 0
(20,1,6) 0
(20,1,7) 0
(20,1,8) 0
(20,1,9) 0
(20,1,10) 0

(0,0,0) 0
(1,0,0) 0
(2,0,1) 0
(2,0,2) 0
(2,0,3) 0
(2,0,4) 0
(2,0,5) 0
(2,0,6) 0
(2,0,7) 0
(2,0,8) 0
(2,0,9) 0
(2,0,10) 0
(2,1,1) 0
(2,1,2) 0
(2,1,3) 0
(2,1,4) 0
(2,1,5) 0
(2,1,6) 0
(2,1,7) 0
(2,1,8) 0
(2,1,9) 0
(2,1,10) 0
(3,0,1) 0
(3,0,2) 0
(3,0,3) 0
(3,0,4) 0
(3,0,5) 0
(3,0,6) 0
(3,0,7) 0
(3,0,8) 0
(3,0,9) 0
(3,0,10) 0
(3,1,1) 0
(3,1,2) 0
(3,1,3) 0
(3,1,4) 0
(3,1,5) 0
(3,1,6) 0
(3,1,7) 0
(3,1,8) 0
(3,1,9) 0
(3,1,10) 0
(4,0,1) 0
(4,0,2) 0
(4,0,3) 0
(4,0,4) 0
(4,0,5) 0
(4,0,6) 0
(4,0,7) 0
(4,0,8) 0
(4,0,9) 0
(4,0,10) 0
(4,1,1) 0
(4,1,2) 0
(4,1,3) 0
(4,1,4) 0
(4,1,5) 0
(4,1,6) 0
(4,1,7) 0
(4,1,8) 0
(4,1,9) 0
(4,1,10) 0
(5,0,1) 0
(5,0,2) 0
(5,0,3) 0
(5,0,4) 0
(5,0,5) 0
(5,0,6) 0
(5,0,7) 0
(5,0,8) 0
(5,0,9) 0
(5,0,10) 0
(5,1,1) 0
(5,1,2) 0
(5,1,3) 0
(5,1,4) 0
(5,1,5) 0
(5,1,6) 0
(5,1,7) 0
(5,1,8) 0
(5,1,9) 0
(5,1,10) 0
(6,0,1) 0
(6,0,2) 0
(6,0,3) 0
(6,0,4) 0
(6,0,5) 0
(6,0,6) 0
(6,0,7) 0
(6,0,8) 0
(6,0,9) 0
(6,0,10) 0
(6,1,1) 0
(6,1,2) 0
(6,1,3) 0
(6,1,4) 0
(6,1,5) 0
(6,1,6) 0
(6,1,7) 0
(6,1,8) 0
(6,1,9) 0
(6,1,10) 0
(7,0,1) 0
(7,0,2) 0
(7,0,3) 0
(7,0,4) 0
(7,0,5) 0
(7,0,6) 0
(7,0,7) 0
(7,0,8) 0
(7,0,9) 0
(7,0,10) 0
(7,1,1) 0
(7,1,2) 0
(7,1,3) 0
(7,1,4) 0
(7,1,5) 0
(7,1,6) 0
(7,1,7) 0
(7,1,8) 0
(7,1,9) 0
(7,1,10) 0
(8,0,1) 0
(8,0,2) 0
(8,0,3) 0
(8,0,4) 0
(8,0,5) 0
(8,0,6) 0
(8,0,7) 0
(8,0,8) 0
(8,0,9) 0
(8,0,10) 0
(8,1,1) 0
(8,1,2) 0
(8,1,3) 0
(8,1,4) 0
(8,1,5) 0
(8,1,6) 0
(8,1,7) 0
(8,1,8) 0
(8,1,9) 0
(8,1,10) 0
(9,0,1) 0
(9,0,2) 0
(9,0,3) 0
(9,0,4) 0
(9,0,5) 0
(9,0,6) 0
(9,0,7) 0
(9,0,8) 0
(9,0,9) 0
(9,0,10) 0
(9,1,1) 0
(9,1,2) 0
(9,1,3) 0
(9,1,4) 0
(9,1,5) 0
(9,1,6) 0
(9,1,7) 0
(9,1,8) 0
(9,1,9) 0
(9,1,10) 0
(10,0,1) 0
(10,0,2) 0
(10,0,3) 0
(10,0,4) 0
(10,0,5) 0
(10,0,6) 0
(10,0,7) 0
(10,0,8) 0
(10,0,9) 0
(10,0,10) 0
(10,1,1) 0
(10,1,2) 0
(10,1,3) 0
(10,1,4) 0
(10,1,5) 0
(10,1,6) 0
(10,1,7) 0
(10,1,8) 0
(10,1,9) 0
(10,1,10) 0
(11,0,1) 0
(11,0,2) 0
(11,0,3) 0
(11,0,4) 0
(11,0,5) 0
(11,0,6) 0
(11,0,7) 0
(11,0,8) 0
(11,0,9) 0
(11,0,10) 0
(11,1,1) 0
(11,1,2) 0
(11,1,3) 0
(11,1,4) 0
(11,1,5) 0
(11,1,6) 0
(11,1,7) 0
(11,1,8) 0
(11,1,9) 0
(11,1,10) 0
(12,0,1) 0
(12,0,2) 0
(12,0,3) 0
(12,0,4) 0
(12,0,5) 0
(12,0,6) 0
(12,0,7) 0
(12,0,8) 0
(12,0,9) 0
(12,0,10) 0
(12,1,1) 0
(12,1,2) 0
(12,1,3) 0
(12,1,4) 0
(12,1,5) 0
(12,1,6) 0
(12,1,7) 0
(12,1,8) 0
(12,1,9) 0
(12,1,10) 0
(13,0,1) 0
(13,0,2) 0
(13,0,3) 0
(13,0,4) 0
(13,0,5) 0
(13,0,6) 0
(13,0,7) 0
(13,0,8) 0
(13,0,9) 0
(13,0,10) 0
(13,1,1) 0
(13,1,2) 0
(13,1,3) 0
(13,1,4) 0
(13,1,5) 0
(13,1,6) 0
(13,1,7) 0
(13,1,8) 0
(13,1,9) 0
(13,1,10) 0
(14,0,1) 0
(14,0,2) 0
(14,0,3) 0
(14,0,4) 0
(14,0,5) 0
(14,0,6) 0
(14,0,7) 0
(14,0,8) 0
(14,0,9) 0
(14,0,10) 0
(14,1,1) 0
(14,1,2) 0
(14,1,3) 0
(14,1,4) 0
(14,1,5) 0
(14,1,6) 0
(14,1,7) 0
(14,1,8) 0
(14,1,9) 0
(14,1,10) 0
(15,0,1) 0
(15,0,2) 0
(15,0,3) 0
(15,0,4) 0
(15,0,5) 0
(15,0,6) 0
(15,0,7) 0
(15,0,8) 0
(15,0,9) 0
(15,0,10) 0
(15,1,1) 0
(15,1,2) 0
(15,1,3) 0
(15,1,4) 0
(15,1,5) 0
(15,1,6) 0
(15,1,7) 0
(15,1,8) 0
(15,1,9) 0
(15,1,10) 0
(16,0,1) 0
(16,0,2) 0
(16,0,3) 0
(16,0,4) 0
(16,0,5) 0
(16,0,6) 0
(16,0,7) 0
(16,0,8) 0
(16,0,9) 0
(16,0,10) 0
(16,1,1) 0
(16,1,2) 0
(16,1,3) 0
(16,1,4) 0
(16,1,5) 0
(16,1,6) 0
(16,1,7) 0
(16,1,8) 0
(16,1,9) 0
(16,1,10) 0
(17,0,1) 0
(17,0,2) 0
(17,0,3) 0
(17,0,4) 0
(17,0,5) 0
(17,0,6) 0
(17,0,7) 0
(17,0,8) 0
(17,0,9) 0
(17,0,10) 0
(17,1,1) 0
(17,1,2) 0
(17,1,3) 0
(17,1,4) 0
(17,1,5) 0
(17,1,6) 0
(17,1,7) 0
(17,1,8) 0
(17,1,9) 0
(17,1,10) 0
(18,0,1) 0
(18,0,2) 0
(18,0,3) 0
(18,0,4) 0
(18,0,5) 0
(18,0,6) 0
(18,0,7) 0
(18,0,8) 0
(18,0,9) 0
(18,0,10) 0
(18,1,1) 0
(18,1,2) 0
(18,1,3) 0
(18,1,4) 0
(18,1,5) 0
(18,1,6) 0
(18,1,7) 0
(18,1,8) 0
(18,1,9) 0
(18,1,10) 0
(19,0,1) 0
(19,0,2) 0
(19,0,3) 0
(19,0,4) 0
(19,0,5) 0
(19,0,6) 0
(19,0,7) 0
(19,0,8) 0
(19,0,9) 0
(19,0,10) 0
(19,1,1) 0
(19,1,2) 0
(19,1,3) 0
(19,1,4) 0
(19,1,5) 0
(19,1,6) 0
(19,1,7) 0
(19,1,8) 0
(19,1,9) 0
(19,1,10) 0
(20,0,1) 0
(20,0,2) 0
(20,0,3) 0
(20,0,4) 0
(20,0,5) 0
(20,0,6) 0
(20,0,7) 0
(20,0,8) 0
(20,0,9) 0
(20,0,10) 0
(20,1,1) 0
(20,1,2) 0
(20,1,3) 0
(20,1,4) 0
(20,1,5) 0
(20,1,6) 0
(20,1,7) 0
(20,1,8) 0
(20,1,9) 0
(20,1,10) 0

(0,0,0) [0,0]
(1,0,0) [0,0]
(2,0,1) [0,0]
(2,0,2) [0,0]
(2,0,3) [0,0]
(2,0,4) [0,0]
(2,0,5) [0,0]
(2,0,6) [0,0]
(2,0,7) [0,0]
(2,0,8) [0,0]
(2,0,9) [0,0]
(2,0,10) [0,0]
(2,1,1) [0,0]
(2,1,2) [0,0]
(2,1,3) [0,0]
(2,1,4) [0,0]
(2,1,5) [0,0]
(2,1,6) [0,0]
(2,1,7) [0,0]
(2,1,8) [0,0]
(2,1,9) [0,0]
(2,1,10) [0,0]
(3,0,1) [0,0]
(3,0,2) [0,0]
(3,0,3) [0,0]
(3,0,4) [0,0]
(3,0,5) [0,0]
(3,0,6) [0,0]
(3,0,7) [0,0]
(3,0,8) [0,0]
(3,0,9) [0,0]
(3,0,10) [0,0]
(3,1,1) [0,0]
(3,1,2) [0,0]
(3,1,3) [0,0]
(3,1,4) [0,0]
(3,1,5) [0,0]
(3,1,6) [0,0]
(3,1,7) [0,0]
(3,1,8) [0,0]
(3,1,9) [0,0]
(3,1,10) [0,0]
(4,0,1) [0,0]
(4,0,2) [0,0]
(4,0,3) [0,0]
(4,0,4) [0,0]
(4,0,5) [0,0]
(4,0,6) [0,0]
(4,0,7) [0,0]
(4,0,8) [0,0]
(4,0,9) [0,0]
(4,0,10) [0,0]
(4,1,1) [0,0]
(4,1,2) [0,0]
(4,1,3) [0,0]
(4,1,4) [0,0]
(4,1,5) [0,0]
(4,1,6) [0,0]
(4,1,7) [0,0]
(4,1,8) [0,0]
(4,1,9) [0,0]
(4,1,10) [0,0]
(5,0,1) [0,0]
(5,0,2) [0,0]
(5,0,3) [0,0]
(5,0,4) [0,0]
(5,0,5) [0,0]
(5,0,6) [0,0]
(5,0,7) [0,0]
(5,0,8) [0,0]
(5,0,9) [0,0]
(5,0,10) [0,0]
(5,1,1) [0,0]
(5,1,2) [0,0]
(5,1,3) [0,0]
(5,1,4) [0,0]
(5,1,5) [0,0]
(5,1,6) [0,0]
(5,1,7) [0,0]
(5,1,8) [0,0]
(5,1,9) [0,0]
(5,1,10) [0,0]
(6,0,1) [0,0]
(6,0,2) [0,0]
(6,0,3) [0,0]
(6,0,4) [0,0]
(6,0,5) [0,0]
(6,0,6) [0,0]
(6,0,7) [0,0]
(6,0,8) [0,0]
(6,0,9) [0,0]
(6,0,10) [0,0]
(6,1,1) [0,0]
(6,1,2) [0,0]
(6,1,3) [0,0]
(6,1,4) [0,0]
(6,1,5) [0,0]
(6,1,6) [0,0]
(6,1,7) [0,0]
(6,1,8) [0,0]
(6,1,9) [0,0]
(6,1,10) [0,0]
(7,0,1) [0,0]
(7,0,2) [0,0]
(7,0,3) [0,0]
(7,0,4) [0,0]
(7,0,5) [0,0]
(7,0,6) [0,0]
(7,0,7) [0,0]
(7,0,8) [0,0]
(7,0,9) [0,0]
(7,0,10) [0,0]
(7,1,1) [0,0]
(7,1,2) [0,0]
(7,1,3) [0,0]
(7,1,4) [0,0]
(7,1,5) [0,0]
(7,1,6) [0,0]
(7,1,7) [0,0]
(7,1,8) [0,0]
(7,1,9) [0,0]
(7,1,10) [0,0]
(8,0,1) [0,0]
(8,0,2) [0,0]
(8,0,3) [0,0]
(8,0,4) [0,0]
(8,0,5) [0,0]
(8,0,6) [0,0]
(8,0,7) [0,0]
(8,0,8) [0,0]
(8,0,9) [0,0]
(8,0,10) [0,0]
(8,1,1) [0,0]
(8,1,2) [0,0]
(8,1,3) [0,0]
(8,1,4) [0,0]
(8,1,5) [0,0]
(8,1,6) [0,0]
(8,1,7) [0,0]
(8,1,8) [0,0]
(8,1,9) [0,0]
(8,1,10) [0,0]
(9,0,1) [0,0]
(9,0,2) [0,0]
(9,0,3) [0,0]
(9,0,4) [0,0]
(9,0,5) [0,0]
(9,0,6) [0,0]
(9,0,7) [0,0]
(9,0,8) [0,0]
(9,0,9) [0,0]
(9,0,10) [0,0]
(9,1,1) [0,0]
(9,1,2) [0,0]
(9,1,3) [0,0]
(9,1,4) [0,0]
(9,1,5) [0,0]
(9,1,6) [0,0]
(9,1,7) [0,0]
(9,1,8) [0,0]
(9,1,9) [0,0]
(9,1,10) [0,0]
(10,0,1) [0,0]
(10,0,2) [0,0]
(10,0,3) [0,0]
(10,0,4) [0,0]
(10,0,5) [0,0]
(10,0,6) [0,0]
(10,0,7) [0,0]
(10,0,8) [0,0]
(10,0,9) [0,0]
(10,0,10) [0,0]
(10,1,1) [0,0]
(10,1,2) [0,0]
(10,1,3) [0,0]
(10,1,4) [0,0]
(10,1,5) [0,0]
(10,1,6) [0,0]
(10,1,7) [0,0]
(10,1,8) [0,0]
(10,1,9) [0,0]
(10,1,10) [0,0]
(11,0,1) [0,0]
(11,0,2) [0,0]
(11,0,3) [0,0]
(11,0,4) [0,0]
(11,0,5) [0,0]
(11,0,6) [0,0]
(11,0,7) [0,0]
(11,0,8) [0,0]
(11,0,9) [0,0]
(11,0,10) [0,0]
(11,1,1) [0,0]
(11,1,2) [0,0]
(11,1,3) [0,0]
(11,1,4) [0,0]
(11,1,5) [0,0]
(11,1,6) [0,0]
(11,1,7) [0,0]
(11,1,8) [0,0]
(11,1,9) [0,0]
(11,1,10) [0,0]
(12,0,1) [0,0]
(12,0,2) [0,0]
(12,0,3) [0,0]
(12,0,4) [0,0]
(12,0,5) [0,0]
(12,0,6) [0,0]
(12,0,7) [0,0]
(12,0,8) [0,0]
(12,0,9) [0,0]
(12,0,10) [0,0]
(12,1,1) [0,0]
(12,1,2) [0,0]
(12,1,3) [0,0]
(12,1,4) [0,0]
(12,1,5) [0,0]
(12,1,6) [0,0]
(12,1,7) [0,0]
(12,1,8) [0,0]
(12,1,9) [0,0]
(12,1,10) [0,0]
(13,0,1) [0,0]
(13,0,2) [0,0]
(13,0,3) [0,0]
(13,0,4) [0,0]
(13,0,5) [0,0]
(13,0,6) [0,0]
(13,0,7) [0,0]
(13,0,8) [0,0]
(13,0,9) [0,0]
(13,0,10) [0,0]
(13,1,1) [0,0]
(13,1,2) [0,0]
(13,1,3) [0,0]
(13,1,4) [0,0]
(13,1,5) [0,0]
(13,1,6) [0,0]
(13,1,7) [0,0]
(13,1,8) [0,0]
(13,1,9) [0,0]
(13,1,10) [0,0]
(14,0,1) [0,0]
(14,0,2) [0,0]
(14,0,3) [0,0]
(14,0,4) [0,0]
(14,0,5) [0,0]
(14,0,6) [0,0]
(14,0,7) [0,0]
(14,0,8) [0,0]
(14,0,9) [0,0]
(14,0,10) [0,0]
(14,1,1) [0,0]
(14,1,2) [0,0]
(14,1,3) [0,0]
(14,1,4) [0,0]
(14,1,5) [0,0]
(14,1,6) [0,0]
(14,1,7) [0,0]
(14,1,8) [0,0]
(14,1,9) [0,0]
(14,1,10) [0,0]
(15,0,1) [0,0]
(15,0,2) [0,0]
(15,0,3) [0,0]
(15,0,4) [0,0]
(15,0,5) [0,0]
(15,0,6) [0,0]
(15,0,7) [0,0]
(15,0,8) [0,0]
(15,0,9) [0,0]
(15,0,10) [0,0]
(15,1,1) [0,0]
(15,1,2) [0,0]
(15,1,3) [0,0]
(15,1,4) [0,0]
(15,1,5) [0,0]
(15,1,6) [0,0]
(15,1,7) [0,0]
(15,1,8) [0,0]
(15,1,9) [0,0]
(15,1,10) [0,0]
(16,0,1) [0,0]
(16,0,2) [0,0]
(16,0,3) [0,0]
(16,0,4) [0,0]
(16,0,5) [0,0]
(16,0,6) [0,0]
(16,0,7) [0,0]
(16,0,8) [0,0]
(16,0,9) [0,0]
(16,0,10) [0,0]
(16,1,1) [0,0]
(16,1,2) [0,0]
(16,1,3) [0,0]
(16,1,4) [0,0]
(16,1,5) [0,0]
(16,1,6) [0,0]
(16,1,7) [0,0]
(16,1,8) [0,0]
(16,1,9) [0,0]
(16,1,10) [0,0]
(17,0,1) [0,0]
(17,0,2) [0,0]
(17,0,3) [0,0]
(17,0,4) [0,0]
(17,0,5) [0,0]
(17,0,6) [0,0]
(17,0,7) [0,0]
(17,0,8) [0,0]
(17,0,9) [0,0]
(17,0,10) [0,0]
(17,1,1) [0,0]
(17,1,2) [0,0]
(17,1,3) [0,0]
(17,1,4) [0,0]
(17,1,5) [0,0]
(17,1,6) [0,0]
(17,1,7) [0,0]
(17,1,8) [0,0]
(17,1,9) [0,0]
(17,1,10) [0,0]
(18,0,1) [0,0]
(18,0,2) [0,0]
(18,0,3) [0,0]
(18,0,4) [0,0]
(18,0,5) [0,0]
(18,0,6) [0,0]
(18,0,7) [0,0]
(18,0,8) [0,0]
(18,0,9) [0,0]
(18,0,10) [0,0]
(18,1,1) [0,0]
(18,1,2) [0,0]
(18,1,3) [0,0]
(18,1,4) [0,0]
(18,1,5) [0,0]
(18,1,6) [0,0]
(18,1,7) [0,0]
(18,1,8) [0,0]
(18,1,9) [0,0]
(18,1,10) [0,0]
(19,0,1) [0,0]
(19,0,2) [0,0]
(19,0,3) [0,0]
(19,0,4) [0,0]
(19,0,5) [0,0]
(19,0,6) [0,0]
(19,0,7) [0,0]
(19,0,8) [0,0]
(19,0,9) [0,0]
(19,0,10) [0,0]
(19,1,1) [0,0]
(19,1,2) [0,0]
(19,1,3) [0,0]
(19,1,4) [0,0]
(19,1,5) [0,0]
(19,1,6) [0,0]
(19,1,7) [0,0]
(19,1,8) [0,0]
(19,1,9) [0,0]
(19,1,10) [0,0]
(20,0,1) [0,0]
(20,0,2) [0,0]
(20,0,3) [0,0]
(20,0,4) [0,0]
(20,0,5) [0,0]
(20,0,6) [0,0]
(20,0,7) [0,0]
(20,0,8) [0,0]
(20,0,9) [0,0]
(20,0,10) [0,0]
(20,1,1) [0,0]
(20,1,2) [0,0]
(20,1,3) [0,0]
(20,1,4) [0,0]
(20,1,5) [0,0]
(20,1,6) [0,0]
(20,1,7) [0,0]
(20,1,8) [0,0]
(20,1,9) [0,0]
(20,1,10) [0,0]

(0,0,0) 63463.0
(1,0,0) -107087.0
(2,0,1) 0
(2,0,2) 0
(2,0,3) 0
(2,0,4) 0
(2,0,5) 0
(2,0,6) 0
(2,0,7) 0
(2,0,8) 0
(2,0,9) 0
(2,0,10) 0
(2,1,1) -46.93201875000004
(2,1,2) -4.051512499999999
(2,1,3) 5.787993750000003
(2,1,4) -5.673518750000001
(2,1,5) 3.177631249999999
(2,1,6) -4.13499375
(2,1,7) 1.3321375000000013
(2,1,8) -3.1398687499999967
(2,1,9) -23.89974375
(2,1,10) -117.41525000000026
(3,0,1) 0
(3,0,2) 0
(3,0,3) 0
(3,0,4) 0
(3,0,5) 0
(3,0,6) 0
(3,0,7) 0
(3,0,8) 0
(3,0,9) 0
(3,0,10) 0
(3,1,1) -83.25087500000011
(3,1,2) -11.074625
(3,1,3) -31.471125000000004
(3,1,4) -14.23100000000001
(3,1,5) -11.122124999999993
(3,1,6) -4.229993750000006
(3,1,7) -23.063506250000003
(3,1,8) -48.57825000000003
(3,1,9) -46.184250000000056
(3,1,10) -222.2691250000005
(4,0,1) -51.76514375000005
(4,0,2) -30.278987812500002
(4,0,3) -16.887918437499998
(4,0,4) -12.089100312500008
(4,0,5) -20.719030937499998
(4,0,6) -27.018706562500007
(4,0,7) -25.403005937500005
(4,0,8) -31.822150000000008
(4,0,9) -53.70326250000003
(4,0,10) -155.64007343750026
(4,1,1) -144.40000000000006
(4,1,2) -122.55000000000025
(4,1,3) -103.5500000000002
(4,1,4) -133.0000000000002
(4,1,5) -127.30000000000027
(4,1,6) -132.0500000000002
(4,1,7) -149.15
(4,1,8) -155.79999999999993
(4,1,9) -150.1
(4,1,10) -570.9499999999986
(5,0,1) -94.50743093750016
(5,0,2) -39.44150625
(5,0,3) -33.94257939062502
(5,0,4) -41.020768437500045
(5,0,5) -41.61201875000001
(5,0,6) -69.80374968750007
(5,0,7) -48.14611875000007
(5,0,8) -65.84414375000006
(5,0,9) -83.66614968750014
(5,0,10) -343.5926928124984
(5,1,1) -166.2499999999998
(5,1,2) -79.80000000000013
(5,1,3) -99.75000000000018
(5,1,4) -73.1500000000001
(5,1,5) -99.75000000000018
(5,1,6) -135.85000000000016
(5,1,7) -133.0000000000002
(5,1,8) -141.5500000000001
(5,1,9) -139.65000000000012
(5,1,10) -531.0499999999967
(6,0,1) -152.05308718750027
(6,0,2) -60.46073125000007
(6,0,3) -64.35716218750008
(6,0,4) -59.11826250000009
(6,0,5) -72.75266843750013
(6,0,6) -89.8935125000002
(6,0,7) -67.34003750000012
(6,0,8) -102.6684000000002
(6,0,9) -115.16576875000027
(6,0,10) -472.7993309374954
(6,1,1) -157.6999999999999
(6,1,2) -86.45000000000014
(6,1,3) -69.3500000000001
(6,1,4) -53.200000000000045
(6,1,5) -65.55000000000008
(6,1,6) -120.65000000000025
(6,1,7) -90.25000000000016
(6,1,8) -119.70000000000024
(6,1,9) -128.25000000000026
(6,1,10) -511.0999999999957
(7,0,1) -219.05028750000048
(7,0,2) -87.71678967187518
(7,0,3) -26.948537187499998
(7,0,4) -89.22566250000017
(7,0,5) -61.643006250000155
(7,0,6) -82.01017500000013
(7,0,7) -81.08071281250017
(7,0,8) -104.38754968750024
(7,0,9) -155.95200000000037
(7,0,10) -646.7361253124998
(7,1,1) -117.80000000000024
(7,1,2) -40.85000000000001
(7,1,3) -37.05
(7,1,4) -38.0
(7,1,5) -57.95000000000006
(7,1,6) -11.399999999999999
(7,1,7) -75.05000000000011
(7,1,8) -85.50000000000014
(7,1,9) -96.90000000000018
(7,1,10) -398.04999999999706
(8,0,1) -252.44955625000054
(8,0,2) -80.49860031250022
(8,0,3) -47.690356250000086
(8,0,4) -38.85262500000002
(8,0,5) -55.11116250000008
(8,0,6) -30.45711875000002
(8,0,7) -13.4968875
(8,0,8) -125.14065000000032
(8,0,9) -158.67078125000037
(8,0,10) -696.982700000001
(8,1,1) -93.10000000000016
(8,1,2) -16.149999999999995
(8,1,3) 24.69999999999999
(8,1,4) 6.65
(8,1,5) -7.6000000000000005
(8,1,6) 21.84999999999999
(8,1,7) 52.25000000000004
(8,1,8) -56.050000000000054
(8,1,9) -72.2000000000001
(8,1,10) -335.3499999999978
(9,0,1) -218.7682562500004
(9,0,2) -43.09223156249999
(9,0,3) -8.530994062499992
(9,0,4) -27.311906250000007
(9,0,5) -1.6584565625
(9,0,6) 3.1677750000000007
(9,0,7) 18.900606250000003
(9,0,8) -39.39863750000003
(9,0,9) -120.1272625000003
(9,0,10) -625.5725003124984
(9,1,1) -46.550000000000026
(9,1,2) 67.45000000000009
(9,1,3) 51.30000000000004
(9,1,4) 47.50000000000003
(9,1,5) 45.60000000000002
(9,1,6) 102.6000000000002
(9,1,7) 127.30000000000027
(9,1,8) 113.05000000000022
(9,1,9) -28.499999999999986
(9,1,10) -104.5000000000002
(10,0,1) -197.70913125000067
(10,0,2) 31.373512499999972
(10,0,3) 37.232756249999994
(10,0,4) 32.58250624999997
(10,0,5) 69.09112500000013
(10,0,6) 44.44563125000005
(10,0,7) 51.891493750000095
(10,0,8) 18.491631249999998
(10,0,9) -39.14938125000003
(10,0,10) -581.8979187499958
(10,1,1) -3.8
(10,1,2) 117.80000000000024
(10,1,3) 91.20000000000016
(10,1,4) 125.40000000000026
(10,1,5) 95.95000000000017
(10,1,6) 102.6000000000002
(10,1,7) 142.50000000000009
(10,1,8) 147.25000000000003
(10,1,9) 143.45000000000007
(10,1,10) 107.35000000000021
(11,0,1) -205.67013125000108
(11,0,2) 143.3000187499996
(11,0,3) 164.54261249999968
(11,0,4) 144.4284999999998
(11,0,5) 167.76726874999983
(11,0,6) 137.30373750000018
(11,0,7) 156.87575624999965
(11,0,8) 86.79936250000013
(11,0,9) 31.946718749999942
(11,0,10) -184.63903125000567
(11,1,1) 0
(11,1,2) 0
(11,1,3) 0
(11,1,4) 0
(11,1,5) 0
(11,1,6) 0
(11,1,7) 0
(11,1,8) 0
(11,1,9) 0
(11,1,10) 0
(12,0,1) -829.2217500000075
(12,0,2) -537.1442499999964
(12,0,3) -408.07487499999735
(12,0,4) -430.49962499999634
(12,0,5) -475.22324999999574
(12,0,6) -453.13574999999616
(12,0,7) -463.98474999999604
(12,0,8) -552.9094999999966
(12,0,9) -635.4146250000003
(12,0,10) -2863.782124999981
(12,1,1) 0
(12,1,2) 0
(12,1,3) 0
(12,1,4) 0
(12,1,5) 0
(12,1,6) 0
(12,1,7) 0
(12,1,8) 0
(12,1,9) 0
(12,1,10) 0
(13,0,1) -982.8700000000148
(13,0,2) -560.7374999999972
(13,0,3) -562.3999999999972
(13,0,4) -523.7349999999958
(13,0,5) -543.3524999999964
(13,0,6) -573.5149999999978
(13,0,7) -533.1399999999957
(13,0,8) -624.7674999999998
(13,0,9) -687.9900000000025
(13,0,10) -3157.039999999967
(13,1,1) 0
(13,1,2) 0
(13,1,3) 0
(13,1,4) 0
(13,1,5) 0
(13,1,6) 0
(13,1,7) 0
(13,1,8) 0
(13,1,9) 0
(13,1,10) 0
(14,0,1) -1329.0500000000347
(14,0,2) -952.8500000000168
(14,0,3) -909.1500000000148
(14,0,4) -1151.4000000000262
(14,0,5) -1196.0500000000284
(14,0,6) -1159.0000000000266
(14,0,7) -1196.0500000000284
(14,0,8) -1218.8500000000295
(14,0,9) -1261.6000000000315
(14,0,10) -5082.499999999488
(14,1,1) 0
(14,1,2) 0
(14,1,3) 0
(14,1,4) 0
(14,1,5) 0
(14,1,6) 0
(14,1,7) 0
(14,1,8) 0
(14,1,9) 0
(14,1,10) 0
(15,0,1) -1270.150000000032
(15,0,2) -778.0500000000085
(15,0,3) -689.7000000000043
(15,0,4) -682.1000000000039
(15,0,5) -896.8000000000142
(15,0,6) -1022.2000000000202
(15,0,7) -1016.5000000000199
(15,0,8) -1066.8500000000222
(15,0,9) -1081.1000000000229
(15,0,10) -4431.749999999613
(15,1,1) 0
(15,1,2) 0
(15,1,3) 0
(15,1,4) 0
(15,1,5) 0
(15,1,6) 0
(15,1,7) 0
(15,1,8) 0
(15,1,9) 0
(15,1,10) 0
(16,0,1) -1085.850000000023
(16,0,2) -631.7500000000015
(16,0,3) -463.59999999999627
(16,0,4) -501.5999999999958
(16,0,5) -413.2499999999969
(16,0,6) -842.6500000000116
(16,0,7) -807.5000000000099
(16,0,8) -886.3500000000137
(16,0,9) -825.5500000000108
(16,0,10) -3660.3499999997603
(16,1,1) 0
(16,1,2) 0
(16,1,3) 0
(16,1,4) 0
(16,1,5) 0
(16,1,6) 0
(16,1,7) 0
(16,1,8) 0
(16,1,9) 0
(16,1,10) 0
(17,0,1) -953.8000000000169
(17,0,2) -321.099999999998
(17,0,3) -265.99999999999864
(17,0,4) -242.2499999999989
(17,0,5) -206.14999999999932
(17,0,6) -191.8999999999995
(17,0,7) -528.1999999999965
(17,0,8) -631.7500000000015
(17,0,9) -671.6500000000034
(17,0,10) -2885.1499999999087
(17,1,1) 0
(17,1,2) 0
(17,1,3) 0
(17,1,4) 0
(17,1,5) 0
(17,1,6) 0
(17,1,7) 0
(17,1,8) 0
(17,1,9) 0
(17,1,10) 0
(18,0,1) -630.8000000000014
(18,0,2) -4.75
(18,0,3) -1.9000000000000001
(18,0,4) -5.7
(18,0,5) 113.05000000000022
(18,0,6) 208.9999999999993
(18,0,7) 363.84999999999746
(18,0,8) -325.8499999999979
(18,0,9) -333.44999999999783
(18,0,10) -1574.1500000000465
(18,1,1) 0
(18,1,2) 0
(18,1,3) 0
(18,1,4) 0
(18,1,5) 0
(18,1,6) 0
(18,1,7) 0
(18,1,8) 0
(18,1,9) 0
(18,1,10) 0
(19,0,1) -274.54999999999853
(19,0,2) 215.6499999999992
(19,0,3) 307.79999999999814
(19,0,4) 368.5999999999974
(19,0,5) 359.0999999999975
(19,0,6) 388.54999999999717
(19,0,7) 535.7999999999969
(19,0,8) 519.6499999999961
(19,0,9) -94.05000000000017
(19,0,10) -468.3499999999962
(19,1,1) 0
(19,1,2) 0
(19,1,3) 0
(19,1,4) 0
(19,1,5) 0
(19,1,6) 0
(19,1,7) 0
(19,1,8) 0
(19,1,9) 0
(19,1,10) 0
(20,0,1) 2.8499999999999996
(20,0,2) 857.8500000000123
(20,0,3) 888.2500000000138
(20,0,4) 855.0000000000122
(20,0,5) 915.8000000000151
(20,0,6) 1026.9500000000203
(20,0,7) 1203.6500000000287
(20,0,8) 1129.5500000000252
(20,0,9) 1051.6500000000215
(20,0,10) 564.2999999999982
(20,1,1) 0
(20,1,2) 0
(20,1,3) 0
(20,1,4) 0
(20,1,5) 0
(20,1,6) 0
(20,1,7) 0
(20,1,8) 0
(20,1,9) 0
(20,1,10) 0

(0,0,0) 63463
(1,0,0) 107087
(2,0,1) 0
(2,0,2) 0
(2,0,3) 0
(2,0,4) 0
(2,0,5) 0
(2,0,6) 0
(2,0,7) 0
(2,0,8) 0
(2,0,9) 0
(2,0,10) 0
(2,1,1) 79
(2,1,2) 75
(2,1,3) 82
(2,1,4) 75
(2,1,5) 77
(2,1,6) 69
(2,1,7) 99
(2,1,8) 72
(2,1,9) 83
(2,1,10) 297
(3,0,1) 0
(3,0,2) 0
(3,0,3) 0
(3,0,4) 0
(3,0,5) 0
(3,0,6) 0
(3,0,7) 0
(3,0,8) 0
(3,0,9) 0
(3,0,10) 0
(3,1,1) 170
(3,1,2) 153
(3,1,3) 158
(3,1,4) 159
(3,1,5) 159
(3,1,6) 178
(3,1,7) 151
(3,1,8) 139
(3,1,9) 156
(3,1,10) 618
(4,0,1) 79
(4,0,2) 82
(4,0,3) 79
(4,0,4) 73
(4,0,5) 73
(4,0,6) 78
(4,0,7) 74
(4,0,8) 68
(4,0,9) 95
(4,0,10) 311
(4,1,1) 164
(4,1,2) 167
(4,1,3) 153
(4,1,4) 160
(4,1,5) 160
(4,1,6) 161
(4,1,7) 173
(4,1,8) 190
(4,1,9) 180
(4,1,10) 665
(5,0,1) 161
(5,0,2) 153
(5,0,3) 148
(5,0,4) 150
(5,0,5) 129
(5,0,6) 156
(5,0,7) 181
(5,0,8) 152
(5,0,9) 151
(5,0,10) 660
(5,1,1) 189
(5,1,2) 172
(5,1,3) 165
(5,1,4) 179
(5,1,5) 165
(5,1,6) 171
(5,1,7) 182
(5,1,8) 191
(5,1,9) 177
(5,1,10) 687
(6,0,1) 236
(6,0,2) 231
(6,0,3) 248
(6,0,4) 244
(6,0,5) 261
(6,0,6) 238
(6,0,7) 229
(6,0,8) 223
(6,0,9) 261
(6,0,10) 949
(6,1,1) 182
(6,1,2) 197
(6,1,3) 189
(6,1,4) 182
(6,1,5) 167
(6,1,6) 185
(6,1,7) 155
(6,1,8) 208
(6,1,9) 195
(6,1,10) 722
(7,0,1) 335
(7,0,2) 320
(7,0,3) 338
(7,0,4) 324
(7,0,5) 344
(7,0,6) 308
(7,0,7) 302
(7,0,8) 321
(7,0,9) 350
(7,0,10) 1327
(7,1,1) 194
(7,1,2) 181
(7,1,3) 173
(7,1,4) 224
(7,1,5) 161
(7,1,6) 174
(7,1,7) 193
(7,1,8) 188
(7,1,9) 204
(7,1,10) 761
(8,0,1) 443
(8,0,2) 452
(8,0,3) 434
(8,0,4) 431
(8,0,5) 402
(8,0,6) 414
(8,0,7) 400
(8,0,8) 402
(8,0,9) 447
(8,0,10) 1645
(8,1,1) 196
(8,1,2) 207
(8,1,3) 186
(8,1,4) 233
(8,1,5) 162
(8,1,6) 191
(8,1,7) 209
(8,1,8) 217
(8,1,9) 180
(8,1,10) 835
(9,0,1) 513
(9,0,2) 551
(9,0,3) 520
(9,0,4) 551
(9,0,5) 506
(9,0,6) 511
(9,0,7) 492
(9,0,8) 505
(9,0,9) 535
(9,0,10) 2070
(9,1,1) 203
(9,1,2) 223
(9,1,3) 208
(9,1,4) 192
(9,1,5) 196
(9,1,6) 194
(9,1,7) 222
(9,1,8) 205
(9,1,9) 210
(9,1,10) 816
(10,0,1) 596
(10,0,2) 609
(10,0,3) 638
(10,0,4) 635
(10,0,5) 657
(10,0,6) 624
(10,0,7) 658
(10,0,8) 671
(10,0,9) 647
(10,0,10) 2502
(10,1,1) 214
(10,1,2) 244
(10,1,3) 200
(10,1,4) 220
(10,1,5) 201
(10,1,6) 210
(10,1,7) 230
(10,1,8) 215
(10,1,9) 231
(10,1,10) 875
(11,0,1) 752
(11,0,2) 775
(11,0,3) 743
(11,0,4) 749
(11,0,5) 754
(11,0,6) 772
(11,0,7) 751
(11,0,8) 725
(11,0,9) 742
(11,0,10) 3073
(11,1,1) 0
(11,1,2) 0
(11,1,3) 0
(11,1,4) 0
(11,1,5) 0
(11,1,6) 0
(11,1,7) 0
(11,1,8) 0
(11,1,9) 0
(11,1,10) 0
(12,0,1) 1380
(12,0,2) 1500
(12,0,3) 1424
(12,0,4) 1434
(12,0,5) 1487
(12,0,6) 1438
(12,0,7) 1533
(12,0,8) 1468
(12,0,9) 1478
(12,0,10) 5758
(12,1,1) 0
(12,1,2) 0
(12,1,3) 0
(12,1,4) 0
(12,1,5) 0
(12,1,6) 0
(12,1,7) 0
(12,1,8) 0
(12,1,9) 0
(12,1,10) 0
(13,0,1) 1525
(13,0,2) 1392
(13,0,3) 1491
(13,0,4) 1464
(13,0,5) 1510
(13,0,6) 1495
(13,0,7) 1438
(13,0,8) 1469
(13,0,9) 1460
(13,0,10) 5914
(13,1,1) 0
(13,1,2) 0
(13,1,3) 0
(13,1,4) 0
(13,1,5) 0
(13,1,6) 0
(13,1,7) 0
(13,1,8) 0
(13,1,9) 0
(13,1,10) 0
(14,0,1) 1441
(14,0,2) 1491
(14,0,3) 1487
(14,0,4) 1444
(14,0,5) 1501
(14,0,6) 1420
(14,0,7) 1463
(14,0,8) 1455
(14,0,9) 1508
(14,0,10) 6068
(14,1,1) 0
(14,1,2) 0
(14,1,3) 0
(14,1,4) 0
(14,1,5) 0
(14,1,6) 0
(14,1,7) 0
(14,1,8) 0
(14,1,9) 0
(14,1,10) 0
(15,0,1) 1437
(15,0,2) 1439
(15,0,3) 1394
(15,0,4) 1476
(15,0,5) 1372
(15,0,6) 1414
(15,0,7) 1404
(15,0,8) 1447
(15,0,9) 1426
(15,0,10) 5769
(15,1,1) 0
(15,1,2) 0
(15,1,3) 0
(15,1,4) 0
(15,1,5) 0
(15,1,6) 0
(15,1,7) 0
(15,1,8) 0
(15,1,9) 0
(15,1,10) 0
(16,0,1) 1331
(16,0,2) 1397
(16,0,3) 1328
(16,0,4) 1350
(16,0,5) 1369
(16,0,6) 1449
(16,0,7) 1410
(16,0,8) 1401
(16,0,9) 1355
(16,0,10) 5465
(16,1,1) 0
(16,1,2) 0
(16,1,3) 0
(16,1,4) 0
(16,1,5) 0
(16,1,6) 0
(16,1,7) 0
(16,1,8) 0
(16,1,9) 0
(16,1,10) 0
(17,0,1) 1296
(17,0,2) 1202
(17,0,3) 1278
(17,0,4) 1243
(17,0,5) 1299
(17,0,6) 1282
(17,0,7) 1320
(17,0,8) 1349
(17,0,9) 1297
(17,0,10) 5187
(17,1,1) 0
(17,1,2) 0
(17,1,3) 0
(17,1,4) 0
(17,1,5) 0
(17,1,6) 0
(17,1,7) 0
(17,1,8) 0
(17,1,9) 0
(17,1,10) 0
(18,0,1) 1230
(18,0,2) 1151
(18,0,3) 1206
(18,0,4) 1170
(18,0,5) 1185
(18,0,6) 1254
(18,0,7) 1193
(18,0,8) 1167
(18,0,9) 1189
(18,0,10) 4777
(18,1,1) 0
(18,1,2) 0
(18,1,3) 0
(18,1,4) 0
(18,1,5) 0
(18,1,6) 0
(18,1,7) 0
(18,1,8) 0
(18,1,9) 0
(18,1,10) 0
(19,0,1) 1153
(19,0,2) 1125
(19,0,3) 1128
(19,0,4) 1158
(19,0,5) 1144
(19,0,6) 1111
(19,0,7) 1056
(19,0,8) 1131
(19,0,9) 1187
(19,0,10) 4511
(19,1,1) 0
(19,1,2) 0
(19,1,3) 0
(19,1,4) 0
(19,1,5) 0
(19,1,6) 0
(19,1,7) 0
(19,1,8) 0
(19,1,9) 0
(19,1,10) 0
(20,0,1) 1737
(20,0,2) 1735
(20,0,3) 1705
(20,0,4) 1718
(20,0,5) 1690
(20,0,6) 1759
(20,0,7) 1757
(20,0,8) 1663
(20,0,9) 1721
(20,0,10) 6708
(20,1,1) 0
(20,1,2) 0
(20,1,3) 0
(20,1,4) 0
(20,1,5) 0
(20,1,6) 0
(20,1,7) 0
(20,1,8) 0
(20,1,9) 0
(20,1,10) 0

(0,0,0) 0
(1,0,0) 0
(2,0,1) 0
(2,0,2) 0
(2,0,3) 0
(2,0,4) 0
(2,0,5) 0
(2,0,6) 0
(2,0,7) 0
(2,0,8) 0
(2,0,9) 0
(2,0,10) 0
(2,1,1) 0
(2,1,2) 0
(2,1,3) 0
(2,1,4) 0
(2,1,5) 0
(2,1,6) 0
(2,1,7) 0
(2,1,8) 0
(2,1,9) 0
(2,1,10) 0
(3,0,1) 0
(3,0,2) 0
(3,0,3) 0
(3,0,4) 0
(3,0,5) 0
(3,0,6) 0
(3,0,7) 0
(3,0,8) 0
(3,0,9) 0
(3,0,10) 0
(3,1,1) 0
(3,1,2) 0
(3,1,3) 0
(3,1,4) 0
(3,1,5) 0
(3,1,6) 0
(3,1,7) 0
(3,1,8) 0
(3,1,9) 0
(3,1,10) 0
(4,0,1) 0
(4,0,2) 0
(4,0,3) 0
(4,0,4) 0
(4,0,5) 0
(4,0,6) 0
(4,0,7) 0
(4,0,8) 0
(4,0,9) 0
(4,0,10) 0
(4,1,1) 0
(4,1,2) 0
(4,1,3) 0
(4,1,4) 0
(4,1,5) 0
(4,1,6) 0
(4,1,7) 0
(4,1,8) 0
(4,1,9) 0
(4,1,10) 0
(5,0,1) 0
(5,0,2) 0
(5,0,3) 0
(5,0,4) 0
(5,0,5) 0
(5,0,6) 0
(5,0,7) 0
(5,0,8) 0
(5,0,9) 0
(5,0,10) 0
(5,1,1) 0
(5,1,2) 0
(5,1,3) 0
(5,1,4) 0
(5,1,5) 0
(5,1,6) 0
(5,1,7) 0
(5,1,8) 0
(5,1,9) 0
(5,1,10) 0
(6,0,1) 0
(6,0,2) 0
(6,0,3) 0
(6,0,4) 0
(6,0,5) 0
(6,0,6) 0
(6,0,7) 0
(6,0,8) 0
(6,0,9) 0
(6,0,10) 0
(6,1,1) 0
(6,1,2) 0
(6,1,3) 0
(6,1,4) 0
(6,1,5) 0
(6,1,6) 0
(6,1,7) 0
(6,1,8) 0
(6,1,9) 0
(6,1,10) 0
(7,0,1) 0
(7,0,2) 0
(7,0,3) 0
(7,0,4) 0
(7,0,5) 0
(7,0,6) 0
(7,0,7) 0
(7,0,8) 0
(7,0,9) 0
(7,0,10) 0
(7,1,1) 0
(7,1,2) 0
(7,1,3) 0
(7,1,4) 0
(7,1,5) 0
(7,1,6) 0
(7,1,7) 0
(7,1,8) 0
(7,1,9) 0
(7,1,10) 0
(8,0,1) 0
(8,0,2) 0
(8,0,3) 0
(8,0,4) 0
(8,0,5) 0
(8,0,6) 0
(8,0,7) 0
(8,0,8) 0
(8,0,9) 0
(8,0,10) 0
(8,1,1) 0
(8,1,2) 0
(8,1,3) 0
(8,1,4) 0
(8,1,5) 0
(8,1,6) 0
(8,1,7) 0
(8,1,8) 0
(8,1,9) 0
(8,1,10) 0
(9,0,1) 0
(9,0,2) 0
(9,0,3) 0
(9,0,4) 0
(9,0,5) 0
(9,0,6) 0
(9,0,7) 0
(9,0,8) 0
(9,0,9) 0
(9,0,10) 0
(9,1,1) 0
(9,1,2) 0
(9,1,3) 0
(9,1,4) 0
(9,1,5) 0
(9,1,6) 0
(9,1,7) 0
(9,1,8) 0
(9,1,9) 0
(9,1,10) 0
(10,0,1) 0
(10,0,2) 0
(10,0,3) 0
(10,0,4) 0
(10,0,5) 0
(10,0,6) 0
(10,0,7) 0
(10,0,8) 0
(10,0,9) 0
(10,0,10) 0
(10,1,1) 0
(10,1,2) 0
(10,1,3) 0
(10,1,4) 0
(10,1,5) 0
(10,1,6) 0
(10,1,7) 0
(10,1,8) 0
(10,1,9) 0
(10,1,10) 0
(11,0,1) 0
(11,0,2) 0
(11,0,3) 0
(11,0,4) 0
(11,0,5) 0
(11,0,6) 0
(11,0,7) 0
(11,0,8) 0
(11,0,9) 0
(11,0,10) 0
(11,1,1) 0
(11,1,2) 0
(11,1,3) 0
(11,1,4) 0
(11,1,5) 0
(11,1,6) 0
(11,1,7) 0
(11,1,8) 0
(11,1,9) 0
(11,1,10) 0
(12,0,1) 0
(12,0,2) 0
(12,0,3) 0
(12,0,4) 0
(12,0,5) 0
(12,0,6) 0
(12,0,7) 0
(12,0,8) 0
(12,0,9) 0
(12,0,10) 0
(12,1,1) 0
(12,1,2) 0
(12,1,3) 0
(12,1,4) 0
(12,1,5) 0
(12,1,6) 0
(12,1,7) 0
(12,1,8) 0
(12,1,9) 0
(12,1,10) 0
(13,0,1) 0
(13,0,2) 0
(13,0,3) 0
(13,0,4) 0
(13,0,5) 0
(13,0,6) 0
(13,0,7) 0
(13,0,8) 0
(13,0,9) 0
(13,0,10) 0
(13,1,1) 0
(13,1,2) 0
(13,1,3) 0
(13,1,4) 0
(13,1,5) 0
(13,1,6) 0
(13,1,7) 0
(13,1,8) 0
(13,1,9) 0
(13,1,10) 0
(14,0,1) 0
(14,0,2) 0
(14,0,3) 0
(14,0,4) 0
(14,0,5) 0
(14,0,6) 0
(14,0,7) 0
(14,0,8) 0
(14,0,9) 0
(14,0,10) 0
(14,1,1) 0
(14,1,2) 0
(14,1,3) 0
(14,1,4) 0
(14,1,5) 0
(14,1,6) 0
(14,1,7) 0
(14,1,8) 0
(14,1,9) 0
(14,1,10) 0
(15,0,1) 0
(15,0,2) 0
(15,0,3) 0
(15,0,4) 0
(15,0,5) 0
(15,0,6) 0
(15,0,7) 0
(15,0,8) 0
(15,0,9) 0
(15,0,10) 0
(15,1,1) 0
(15,1,2) 0
(15,1,3) 0
(15,1,4) 0
(15,1,5) 0
(15,1,6) 0
(15,1,7) 0
(15,1,8) 0
(15,1,9) 0
(15,1,10) 0
(16,0,1) 0
(16,0,2) 0
(16,0,3) 0
(16,0,4) 0
(16,0,5) 0
(16,0,6) 0
(16,0,7) 0
(16,0,8) 0
(16,0,9) 0
(16,0,10) 0
(16,1,1) 0
(16,1,2) 0
(16,1,3) 0
(16,1,4) 0
(16,1,5) 0
(16,1,6) 0
(16,1,7) 0
(16,1,8) 0
(16,1,9) 0
(16,1,10) 0
(17,0,1) 0
(17,0,2) 0
(17,0,3) 0
(17,0,4) 0
(17,0,5) 0
(17,0,6) 0
(17,0,7) 0
(17,0,8) 0
(17,0,9) 0
(17,0,10) 0
(17,1,1) 0
(17,1,2) 0
(17,1,3) 0
(17,1,4) 0
(17,1,5) 0
(17,1,6) 0
(17,1,7) 0
(17,1,8) 0
(17,1,9) 0
(17,1,10) 0
(18,0,1) 0
(18,0,2) 0
(18,0,3) 0
(18,0,4) 0
(18,0,5) 0
(18,0,6) 0
(18,0,7) 0
(18,0,8) 0
(18,0,9) 0
(18,0,10) 0
(18,1,1) 0
(18,1,2) 0
(18,1,3) 0
(18,1,4) 0
(18,1,5) 0
(18,1,6) 0
(18,1,7) 0
(18,1,8) 0
(18,1,9) 0
(18,1,10) 0
(19,0,1) 0
(19,0,2) 0
(19,0,3) 0
(19,0,4) 0
(19,0,5) 0
(19,0,6) 0
(19,0,7) 0
(19,0,8) 0
(19,0,9) 0
(19,0,10) 0
(19,1,1) 0
(19,1,2) 0
(19,1,3) 0
(19,1,4) 0
(19,1,5) 0
(19,1,6) 0
(19,1,7) 0
(19,1,8) 0
(19,1,9) 0
(19,1,10) 0
(20,0,1) 0
(20,0,2) 0
(20,0,3) 0
(20,0,4) 0
(20,0,5) 0
(20,0,6) 0
(20,0,7) 0
(20,0,8) 0
(20,0,9) 0
(20,0,10) 0
(20,1,1) 0
(20,1,2) 0
(20,1,3) 0
(20,1,4) 0
(20,1,5) 0
(20,1,6) 0
(20,1,7) 0
(20,1,8) 0
(20,1,9) 0
(20,1,10) 0

(0,0,0) 0
(1,0,0) 0
(2,0,1) 0
(2,0,2) 0
(2,0,3) 0
(2,0,4) 0
(2,0,5) 0
(2,0,6) 0
(2,0,7) 0
(2,0,8) 0
(2,0,9) 0
(2,0,10) 0
(2,1,1) 0
(2,1,2) 0
(2,1,3) 0
(2,1,4) 0
(2,1,5) 0
(2,1,6) 0
(2,1,7) 0
(2,1,8) 0
(2,1,9) 0
(2,1,10) 0
(3,0,1) 0
(3,0,2) 0
(3,0,3) 0
(3,0,4) 0
(3,0,5) 0
(3,0,6) 0
(3,0,7) 0
(3,0,8) 0
(3,0,9) 0
(3,0,10) 0
(3,1,1) 0
(3,1,2) 0
(3,1,3) 0
(3,1,4) 0
(3,1,5) 0
(3,1,6) 0
(3,1,7) 0
(3,1,8) 0
(3,1,9) 0
(3,1,10) 0
(4,0,1) 0
(4,0,2) 0
(4,0,3) 0
(4,0,4) 0
(4,0,5) 0
(4,0,6) 0
(4,0,7) 0
(4,0,8) 0
(4,0,9) 0
(4,0,10) 0
(4,1,1) 0
(4,1,2) 0
(4,1,3) 0
(4,1,4) 0
(4,1,5) 0
(4,1,6) 0
(4,1,7) 0
(4,1,8) 0
(4,1,9) 0
(4,1,10) 0
(5,0,1) 0
(5,0,2) 0
(5,0,3) 0
(5,0,4) 0
(5,0,5) 0
(5,0,6) 0
(5,0,7) 0
(5,0,8) 0
(5,0,9) 0
(5,0,10) 0
(5,1,1) 0
(5,1,2) 0
(5,1,3) 0
(5,1,4) 0
(5,1,5) 0
(5,1,6) 0
(5,1,7) 0
(5,1,8) 0
(5,1,9) 0
(5,1,10) 0
(6,0,1) 0
(6,0,2) 0
(6,0,3) 0
(6,0,4) 0
(6,0,5) 0
(6,0,6) 0
(6,0,7) 0
(6,0,8) 0
(6,0,9) 0
(6,0,10) 0
(6,1,1) 0
(6,1,2) 0
(6,1,3) 0
(6,1,4) 0
(6,1,5) 0
(6,1,6) 0
(6,1,7) 0
(6,1,8) 0
(6,1,9) 0
(6,1,10) 0
(7,0,1) 0
(7,0,2) 0
(7,0,3) 0
(7,0,4) 0
(7,0,5) 0
(7,0,6) 0
(7,0,7) 0
(7,0,8) 0
(7,0,9) 0
(7,0,10) 0
(7,1,1) 0
(7,1,2) 0
(7,1,3) 0
(7,1,4) 0
(7,1,5) 0
(7,1,6) 0
(7,1,7) 0
(7,1,8) 0
(7,1,9) 0
(7,1,10) 0
(8,0,1) 0
(8,0,2) 0
(8,0,3) 0
(8,0,4) 0
(8,0,5) 0
(8,0,6) 0
(8,0,7) 0
(8,0,8) 0
(8,0,9) 0
(8,0,10) 0
(8,1,1) 0
(8,1,2) 0
(8,1,3) 0
(8,1,4) 0
(8,1,5) 0
(8,1,6) 0
(8,1,7) 0
(8,1,8) 0
(8,1,9) 0
(8,1,10) 0
(9,0,1) 0
(9,0,2) 0
(9,0,3) 0
(9,0,4) 0
(9,0,5) 0
(9,0,6) 0
(9,0,7) 0
(9,0,8) 0
(9,0,9) 0
(9,0,10) 0
(9,1,1) 0
(9,1,2) 0
(9,1,3) 0
(9,1,4) 0
(9,1,5) 0
(9,1,6) 0
(9,1,7) 0
(9,1,8) 0
(9,1,9) 0
(9,1,10) 0
(10,0,1) 0
(10,0,2) 0
(10,0,3) 0
(10,0,4) 0
(10,0,5) 0
(10,0,6) 0
(10,0,7) 0
(10,0,8) 0
(10,0,9) 0
(10,0,10) 0
(10,1,1) 0
(10,1,2) 0
(10,1,3) 0
(10,1,4) 0
(10,1,5) 0
(10,1,6) 0
(10,1,7) 0
(10,1,8) 0
(10,1,9) 0
(10,1,10) 0
(11,0,1) 0
(11,0,2) 0
(11,0,3) 0
(11,0,4) 0
(11,0,5) 0
(11,0,6) 0
(11,0,7) 0
(11,0,8) 0
(11,0,9) 0
(11,0,10) 0
(11,1,1) 0
(11,1,2) 0
(11,1,3) 0
(11,1,4) 0
(11,1,5) 0
(11,1,6) 0
(11,1,7) 0
(11,1,8) 0
(11,1,9) 0
(11,1,10) 0
(12,0,1) 0
(12,0,2) 0
(12,0,3) 0
(12,0,4) 0
(12,0,5) 0
(12,0,6) 0
(12,0,7) 0
(12,0,8) 0
(12,0,9) 0
(12,0,10) 0
(12,1,1) 0
(12,1,2) 0
(12,1,3) 0
(12,1,4) 0
(12,1,5) 0
(12,1,6) 0
(12,1,7) 0
(12,1,8) 0
(12,1,9) 0
(12,1,10) 0
(13,0,1) 0
(13,0,2) 0
(13,0,3) 0
(13,0,4) 0
(13,0,5) 0
(13,0,6) 0
(13,0,7) 0
(13,0,8) 0
(13,0,9) 0
(13,0,10) 0
(13,1,1) 0
(13,1,2) 0
(13,1,3) 0
(13,1,4) 0
(13,1,5) 0
(13,1,6) 0
(13,1,7) 0
(13,1,8) 0
(13,1,9) 0
(13,1,10) 0
(14,0,1) 0
(14,0,2) 0
(14,0,3) 0
(14,0,4) 0
(14,0,5) 0
(14,0,6) 0
(14,0,7) 0
(14,0,8) 0
(14,0,9) 0
(14,0,10) 0
(14,1,1) 0
(14,1,2) 0
(14,1,3) 0
(14,1,4) 0
(14,1,5) 0
(14,1,6) 0
(14,1,7) 0
(14,1,8) 0
(14,1,9) 0
(14,1,10) 0
(15,0,1) 0
(15,0,2) 0
(15,0,3) 0
(15,0,4) 0
(15,0,5) 0
(15,0,6) 0
(15,0,7) 0
(15,0,8) 0
(15,0,9) 0
(15,0,10) 0
(15,1,1) 0
(15,1,2) 0
(15,1,3) 0
(15,1,4) 0
(15,1,5) 0
(15,1,6) 0
(15,1,7) 0
(15,1,8) 0
(15,1,9) 0
(15,1,10) 0
(16,0,1) 0
(16,0,2) 0
(16,0,3) 0
(16,0,4) 0
(16,0,5) 0
(16,0,6) 0
(16,0,7) 0
(16,0,8) 0
(16,0,9) 0
(16,0,10) 0
(16,1,1) 0
(16,1,2) 0
(16,1,3) 0
(16,1,4) 0
(16,1,5) 0
(16,1,6) 0
(16,1,7) 0
(16,1,8) 0
(16,1,9) 0
(16,1,10) 0
(17,0,1) 0
(17,0,2) 0
(17,0,3) 0
(17,0,4) 0
(17,0,5) 0
(17,0,6) 0
(17,0,7) 0
(17,0,8) 0
(17,0,9) 0
(17,0,10) 0
(17,1,1) 0
(17,1,2) 0
(17,1,3) 0
(17,1,4) 0
(17,1,5) 0
(17,1,6) 0
(17,1,7) 0
(17,1,8) 0
(17,1,9) 0
(17,1,10) 0
(18,0,1) 0
(18,0,2) 0
(18,0,3) 0
(18,0,4) 0
(18,0,5) 0
(18,0,6) 0
(18,0,7) 0
(18,0,8) 0
(18,0,9) 0
(18,0,10) 0
(18,1,1) 0
(18,1,2) 0
(18,1,3) 0
(18,1,4) 0
(18,1,5) 0
(18,1,6) 0
(18,1,7) 0
(18,1,8) 0
(18,1,9) 0
(18,1,10) 0
(19,0,1) 0
(19,0,2) 0
(19,0,3) 0
(19,0,4) 0
(19,0,5) 0
(19,0,6) 0
(19,0,7) 0
(19,0,8) 0
(19,0,9) 0
(19,0,10) 0
(19,1,1) 0
(19,1,2) 0
(19,1,3) 0
(19,1,4) 0
(19,1,5) 0
(19,1,6) 0
(19,1,7) 0
(19,1,8) 0
(19,1,9) 0
(19,1,10) 0
(20,0,1) 0
(20,0,2) 0
(20,0,3) 0
(20,0,4) 0
(20,0,5) 0
(20,0,6) 0
(20,0,7) 0
(20,0,8) 0
(20,0,9) 0
(20,0,10) 0
(20,1,1) 0
(20,1,2) 0
(20,1,3) 0
(20,1,4) 0
(20,1,5) 0
(20,1,6) 0
(20,1,7) 0
(20,1,8) 0
(20,1,9) 0
(20,1,10) 0

